[  569.322723] [Project1] 2617 1588150006.698724905 1588150007.904769698
[  571.646115] [Project1] 2618 1588150009.023818525 1588150010.227726569
[  573.967838] [Project1] 2619 1588150011.345187708 1588150012.549076844
[  576.305988] [Project1] 2620 1588150013.666457719 1588150014.886903695
[  578.651269] [Project1] 2625 1588150016.028062493 1588150017.231910492
[  580.973792] [Project1] 2626 1588150018.349511661 1588150019.554200665
[  583.305733] [Project1] 2627 1588150020.681733862 1588150021.885940658
[  585.626704] [Project1] 2628 1588150023.003053030 1588150024.206741480
[  587.948256] [Project1] 2629 1588150025.324426476 1588150026.528148631
[  590.290728] [Project1] 2631 1588150027.666521408 1588150028.870152060
